Gong
90
50
50
59
59
50
50
50
50
50
50
Vorwarnung
90
65
50








Alarm
0
65
70
70
70
70
70
70
70
70
70
Gong2
80
2
2








vergessen
89
65
2
3
4
30
6
7
8
9
70

89
65
2
3
4
5
6
7
8
9
10

89
65
2
3
4
5
6
7
8
9
10

89
65
2
3
4
5
6
7
8
9
10

89
65
2
3
4
30
6
7
8
9
70

89
65
2
3
4
5
6
7
8
9
10
Gong
89
1
2
3
4
5
6
7
8
9
10
Gong
89
1
2
3
4
5
6
7
8
9
10
Gong
89
22
2
3
4
30
6
7
8
9
70
Gong
89
1
2
3
4
5
6
7
8
9
10
Gong
89
1
2
3
4
5
6
7
8
9
10
Gong
89
1
2
3
4
5
6
7
8
9
10
Gong
89
22
2
3
4
30
6
7
8
9
70
Gong
89
1
2
3
4
5
6
7
8
9
10
Gong
89
1
2
3
4
5
6
7
8
9
10
Gong
89
1
2
3
4
5
6
7
8
9
10
Gong
89
22
2
3
4
30
6
7
8
9
70
Gong
89
1
2
3
4
5
6
7
8
9
10
Gong
89
1
2
3
4
5
6
7
8
9
10
Gong
89
1
2
3
4
5
6
7
8
9
10
Gong
89
22
2
3
4
30
6
7
8
9
70
Gong
89
1
2
3
4
5
6
7
8
9
10
Gong
89
1
2
3
4
5
6
7
8
9
10
Gong
89
1
2
3
4
5
6
7
8
9
10
Gong
89
22
2
3
4
30
6
7
8
9
70
Gong
89
1
2
3
4
5
6
7
8
9
10
Gong
89
1
2
3
4
5
6
7
8
9
10
Gong
89
1
2
3
4
5
6
7
8
9
10
Gong
89
22
2
3
4
30
6
7
8
9
70
Gong
89
1
2
3
4
5
6
7
8
9
10
Gong
89
1
2
3
4
5
6
7
8
9
10
Gong
89
1
2
3
4
5
6
7
8
9
10
Gong
89
22
2
3
4
30
6
7
8
9
70
Gong
89
1
2
3
4
5
6
7
8
9
10
Gong
89
1
2
3
4
5
6
7
8
9
10
Gong
89
1
2
3
4
5
6
7
8
9
10
Gong
89
22
2
3
4
30
6
7
8
9
70
Gong
89
1
2
3
4
5
6
7
8
9
10
Gong
89
1
2
3
4
5
6
7
8
9
10
Gong
89
1
2
3
4
5
6
7
8
9
10
Gong
89
22
2
3
4
30
6
7
8
9
70
Gong
89
1
2
3
4
5
6
7
8
9
10
Gong
89
1
2
3
4
5
6
7
8
9
10
Gong
89
1
2
3
4
5
6
7
8
9
10
Gong
89
22
2
3
4
30
6
7
8
9
70
Gong
89
1
2
3
4
5
6
7
8
9
10
Gong
89
1
2
3
4
5
6
7
8
9
10
Gong
89
1
2
3
4
5
6
7
8
9
10
Gong
89
22
2
3
4
30
6
7
8
9
70
Gong
89
1
2
3
4
5
6
7
8
9
10
Gong
89
1
2
3
4
5
6
7
8
9
10
Gong
89
1
2
3
4
5
6
7
8
9
10
Gong
89
22
2
3
4
30
6
7
8
9
70
Gong
89
1
2
3
4
5
6
7
8
9
10
Gong
89
1
2
3
4
5
6
7
8
9
10
Gong
89
1
2
3
4
5
6
7
8
9
10

